[1-header.jpg]
filters=crop64=1,8c8ffffba6d;
crop=rect64(8c8ffffba6d)
moddate=74238c4798e6d501
width=800
height=379
textactive=0
[header03.jpg]
filters=Border=1,20.000000,0.000000,15.204679,00000000,00ffffff,0.000000;
moddate=5a1e96c5a0e6d501
width=795
height=318
textactive=0
